3 305
1 377 5 164 6 242 
bahia
1 1 8 82 115 341 #
cocoa
1 2 9 59 74 107 127 367 #
review
1 3 29 #
shower
1 4 #
continue
1 5 #
throughout
1 6 #
week
1 7 37 122 #
zone
1 10 #
alleviate
1 11 #
drought
1 12 #
since
1 13 #
early
1 14 #
january
1 15 | 5 150 #
improve
1 16 #
prospect
1 17 #
come
1 18 79 #
temporao
1 19 33 #
although
1 20 #
normal
1 21 #
humidity
1 22 #
level
1 23 | 5 33 77 120 133 145 #
restore
1 24 #
comissaria
1 25 66 130 254 337 #
smith
1 26 67 131 255 338 #
say
1 27 68 132 256 339 #
weekly
1 28 #
dry
1 30 #
period
1 31 361 #
mean
1 32 #
late
1 34 #
year
1 35 57 #
arrival
1 36 64 #
end
1 38 80 371 #
february
1 39 362 373 | 5 19 | 6 17 31 #
22
1 40 #
155
1 41 #
221
1 42 #
bag
1 43 89 98 348 355 #
60
1 44 #
kilo
1 45 143 #
make
1 46 200 #
cumulative
1 47 #
total
1 48 81 340 | 6 27 30 47 59 71 80 105 123 143 162 189 208 236 #
season
1 49 #
5
1 50 53 | 5 108 110 113 137 | 6 147 155 161 180 #
93
1 51 #
mln
1 52 88 95 347 354 #
81
1 54 #
stage
1 55 #
last
1 56 #
seem
1 58 #
deliver
1 60 #
earlier
1 61 #
consignment
1 62 129 #
include
1 63 #
figure
1 65 360 | 6 10 #
still
1 69 75 99 #
doubt
1 70 105 #
much
1 71 106 #
old
1 72 #
crop
1 73 83 165 351 358 | 6 12 #
available
1 76 | 5 164 #
harvest
1 77 #
practically
1 78 #
estimate
1 84 344 #
around
1 85 #
6
1 86 93 345 | 5 126 | 6 46 118 121 152 193 201 #
4
1 87 204 206 208 223 225 230 232 245 | 5 42 46 50 | 6 50 51 127 174 191 204 #
sale
1 90 151 166 198 267 297 342 #
stand
1 91 #
almost
1 92 #
2
1 94 215 235 237 248 302 304 309 320 | 5 37 39 94 96 99 103 | 6 48 101 183 206 225 #
hundred
1 96 #
thousand
1 97 | 6 19 #
hand
1 100 #
farmer
1 101 123 | 5 4 11 #
middleman
1 102 #
exporter
1 103 #
processor
1 104 #
would
1 108 #
fit
1 109 #
export
1 110 | 6 68 87 #
shipper
1 111 145 #
experience
1 112 #
dificulties
1 113 #
obtain
1 114 #
superior
1 116 #
certificate
1 117 #
view
1 118 #
lower
1 119 #
quality
1 120 #
recent
1 121 #
sell
1 124 203 301 #
good
1 125 #
part
1 126 #
hold
1 128 #
spot
1 133 #
bean
1 134 144 #
price
1 135 377 | 5 3 18 34 35 78 79 #
rise
1 136 #
340
1 137 205 #
350
1 138 209 #
cruzados
1 139 #
per
1 140 160 194 | 5 157 #
arroba
1 141 #
15
1 142 | 5 60 62 | 6 72 197 #
reluctant
1 146 #
offer
1 147 #
nearby
1 148 #
shipment
1 149 154 | 6 23 #
limit
1 150 298 #
book
1 152 #
march
1 153 201 272 299 | 6 44 99 #
1
1 155 157 174 176 187 189 191 312 323 331 352 | 5 54 56 81 86 91 143 | 6 38 135 145 158 212 221 #
750
1 156 #
780
1 158 #
dlrs
1 159 178 181 193 210 227 234 247 271 275 278 306 311 322 | 5 22 156 #
tonne
1 161 195 | 6 20 #
port
1 162 170 265 #
name
1 163 #
new
1 164 182 218 240 251 283 315 326 334 #
also
1 167 | 6 85 #
light
1 168 #
open
1 169 264 #
june
1 171 221 307 #
july
1 172 184 222 308 317 | 5 129 #
go
1 173 214 #
850
1 175 #
880
1 177 192 #
35
1 179 | 5 55 #
45
1 180 | 5 51 | 6 134 #
york
1 183 219 241 252 284 316 327 335 #
aug
1 185 228 279 318 #
sept
1 186 229 242 319 328 #
870
1 188 #
875
1 190 #
fob
1 196 #
routine
1 197 #
butter
1 199 213 #
april
1 202 211 273 300 #
345
1 207 #
may
1 212 220 276 | 6 77 140 184 227 #
27
1 216 236 249 374 #
time
1 217 239 250 282 314 325 333 #
400
1 224 321 #
415
1 226 #
351
1 231 #
450
1 233 #
28
1 238 363 #
oct
1 243 286 329 | 5 125 #
dec
1 244 253 285 287 330 336 #
480
1 246 #
destination
1 257 #
u
1 258 289 | 5 7 #
.,
1 259 290 #
covertible
1 260 #
currency
1 261 294 #
area
1 262 295 #
uruguay
1 263 292 #
cake
1 266 #
register
1 268 #
785
1 269 274 #
995
1 270 #
753
1 277 #
0
1 280 | 5 83 | 6 43 53 58 61 73 79 82 104 142 188 207 226 229 232 235 #
39
1 281 | 6 94 #
buyer
1 288 #
argentina
1 291 #
convertible
1 293 #
liquor
1 296 #
325
1 303 #
380
1 305 #
375
1 310 #
25
1 313 324 332 | 5 20 65 106 | 6 157 #
currently
1 343 #
13
1 346 | 6 100 231 #
1986
1 349 | 5 68 154 | 6 2 25 33 #
87
1 350 | 6 3 26 126 #
06
1 353 #
1987
1 356 #
88
1 357 #
final
1 359 #
expect
1 364 #
publish
1 365 #
brazilian
1 366 #
trade
1 368 #
commission
1 369 #
carnival
1 370 #
midday
1 372 #
national
1 375 | 5 1 14 #
average
1 376 | 5 2 17 #
own
5 5 12 #
reserve
5 6 13 116 #
agriculture
5 8 #
department
5 9 #
report
5 10 #
five
5 15 #
day
5 16 #
follow
5 21 | 6 90 #
bu
5 23 #
sorghum
5 24 102 141 | 6 64 #
cwt
5 25 158 #
natl
5 26 70 #
loan
5 27 71 #
release
5 28 72 #
call
5 29 73 #
avge
5 30 74 #
rate
5 31 69 75 155 #
x
5 32 67 76 153 #
wheat
5 36 132 135 148 | 6 36 92 #
55
5 38 95 97 | 6 237 #
40
5 40 #
iv
5 41 58 93 107 121 #
65
5 43 47 87 100 #
--
5 44 48 52 66 88 101 115 #
v
5 45 63 85 98 112 134 #
vi
5 49 146 #
corn
5 53 140 #
92
5 57 #
3
5 59 61 64 105 | 6 122 166 177 182 217 #
oat
5 80 #
24
5 82 | 6 179 #
99
5 84 #
barley
5 89 136 #
n
5 90 162 #
56
5 92 #
34
5 104 | 6 112 #
36
5 109 111 #
54
5 114 #
ii
5 117 #
iii
5 118 #
mature
5 119 #
reflect
5 122 #
grain
5 123 | 6 4 8 14 #
enter
5 124 149 #
1981
5 127 131 #
feedgrain
5 128 #
23
5 130 | 6 200 #
14
5 138 | 6 160 #
82
5 139 144 | 6 108 #
7
5 142 | 6 74 98 109 218 234 240 #
cover
5 147 #
19
5 151 #
1984
5 152 #
100
5 159 | 6 131 #
lb
5 160 #
).
5 161 | 6 54 63 128 148 167 194 213 241 #
.-
5 163 #
argentine
6 1 7 #
oilseed
6 5 15 67 #
registration
6 6 13 69 88 170 #
board
6 9 84 #
show
6 11 21 #
product
6 16 #
11
6 18 #
future
6 22 #
month
6 24 #
1985
6 28 #
86
6 29 #
12
6 32 #
bracket
6 34 #
bread
6 35 #
prev
6 37 93 111 130 150 172 196 216 #
655
6 39 #
8
6 40 107 113 119 125 164 210 238 #
feb
6 41 96 114 133 153 175 199 219 #
872
6 42 #
164
6 45 #
692
6 49 #
161
6 52 #
maize
6 55 #
mar
6 56 117 136 156 178 202 222 #
48
6 57 60 97 151 #
nil
6 62 65 66 83 137 139 185 223 #
sunflowerseed
6 70 149 #
9
6 75 95 116 132 198 228 #
soybean
6 76 129 214 #
20
6 78 81 141 203 #
detail
6 86 #
subproducts
6 89 91 #
apr
6 102 120 138 159 181 205 224 #
10
6 103 187 #
111
6 106 #
linseed
6 110 #
32
6 115 #
80
6 124 #
166
6 144 #
218
6 146 #
61
6 154 209 #
149
6 163 #
145
6 165 #
vegetable
6 168 #
oil
6 169 215 #
sunoil
6 171 #
37
6 173 #
107
6 176 #
jun
6 186 230 #
182
6 190 #
117
6 192 #
linoil
6 195 #
76
6 211 #
21
6 220 #
jul
6 233 #
33
6 239 #
reuter
6 242 #
